0.01712938 0.3047442 -0.249597 0.07122812 -0.2323499 0.07000208 0.2707483 0.02655013 0.119933 -0.06802736 0.3560944 -0.1363565 0.1344868 0.06372707 -0.1857194 0.235528 -0.2791593 -0.06981699 -0.194777 0.3628154 0.2552249 -0.3143886 -0.105018 -0.05159511
-0.3703681 0.1874813 -0.1152261 -0.3327584 0.0314526 -0.01889115 0.2387245 0.08890347 0.2340797 0.1021241 -0.2131858 -0.2372281 -0.2586254 -0.03408608 0.2595607 0.08942524 0.3036059 0.2651568 0.0465296 0.1024268 -0.05935574 -0.1188764 -0.06328907 -0.3609252
0.008699564 0.2440344 -0.08681239 -0.09687232 0.2235294 0.1490858 0.03212075 0.04999012 0.03776373 -0.08001125 -0.1581395 0.248608 -0.1469471 -0.1422486 0.1301051 0.4130794 -0.139517 -0.3290015 -0.3730815 -0.3056201 0.2108281 0.3235555 0.03394111 -0.1144864
-0.1336579 -0.1188453 -0.00243723 -0.2760152 -0.3959963 -0.2864786 0.2174871 -0.3471867 -0.3904402 0.2548073 -0.07583417 -0.02571759 -0.1761911 0.2204367 -0.08442645 0.04858502 -0.1146761 0.06490827 -0.2144629 0.001635237 0.1039019 0.2813707 -0.04649048 0.129248
-0.104213 0.09982802 -0.5225825 0.1366805 0.3201241 0.01532088 -0.3068973 -0.2302486 0.09886858 0.3238954 0.1038415 -0.1843033 -0.2700368 0.2371474 -0.1703648 -0.07252017 -0.04437491 -0.0756981 0.1160314 0.02487599 0.03175868 0.1001249 0.2806878 0.0548519
-0.2596443 -0.1438975 0.02158704 0.09761485 -0.009756531 0.03055314 -0.1270821 0.427887 -0.04920649 -0.3743533 -0.0255747 -0.352718 -0.09975957 0.4402518 -0.1698908 0.2586908 -0.04553963 0.1416189 -0.006557934 -0.2207367 0.02743034 0.1150883 -0.1337525 0.177904
-0.3394547 0.07840931 -0.2221844 0.06605839 -0.09107353 0.02448334 -0.2323354 0.176396 -0.3375145 -0.06946126 -0.1361804 0.08308528 0.07984988 -0.42363 0.08560064 -0.149272 -0.03791368 0.2046961 0.1497369 0.1033366 0.5226338 0.02457929 0.02796401 0.1424671
-0.06613016 0.1699004 -0.02840881 -0.292597 0.1292596 0.3057624 -0.02528444 -0.07220683 0.01628259 0.06002768 -0.2637229 0.1166396 0.045699 0.1410672 -0.3034615 -0.2737148 -0.1468028 -0.1741836 0.1989186 -0.02379156 0.01242093 -0.04433509 -0.6249368 0.05980986
-0.153828 0.1636066 0.1392356 -0.08257722 0.04984874 -0.7049728 0.04737938 0.1394092 0.3540285 -0.08423811 0.1777781 0.1418142 -0.06348829 -0.05772475 -0.1827961 -0.1221889 0.01717341 -0.232323 0.2206 -0.06318975 0.1792209 0.1272618 -0.04783247 0.06947723
0.04170099 -0.03268481 -0.1144728 -0.238442 0.2595103 -0.1158909 -0.0295884 -0.358901 -0.15926 -0.2744201 0.1291692 -0.3447419 0.3993499 0.05513473 0.275854 0.09713363 0.3373171 -0.2383258 0.04240573 -0.01677411 0.1695197 -0.01363753 -0.123364 0.1253671
-0.076173 -0.1438431 0.2409421 0.008070039 -0.07383796 0.2963421 0.2230935 0.06510877 0.1229574 0.09989743 -0.02923176 0.04529437 -0.1408556 0.2550179 0.3606641 0.05377551 -0.07143401 -0.3337638 0.4042522 0.2731733 0.2668823 0.09312429 0.1974849 0.2209433
0.2070667 0.3634424 0.1016269 0.03874016 -0.1964007 -0.05879526 -0.1797934 0.1911732 -0.09548073 0.2512197 -0.2154365 -0.08082377 0.4478391 0.3060656 -0.0638485 0.0579686 0.1208344 -0.006940885 0.1598497 0.009333628 0.1243335 0.2388734 0.1485745 -0.3749308
-0.09479547 0.0508934 0.1056804 -0.2268932 -0.1181284 0.09191517 -0.1189021 -0.2724717 -0.08170546 -0.5849304 -0.1166315 -0.007490497 -0.1405981 -0.001171578 -0.2642444 -0.1025064 -0.1439128 -0.1236929 0.1291848 0.143932 -0.06486931 -0.01614658 0.4064288 -0.3306724
0.3172998 0.2097596 0.002623364 0.1632467 -0.02519837 -0.2023911 -0.1424845 -0.103005 -0.2119266 -0.1057261 0.04457015 -0.1503381 -0.3427899 -0.05929263 0.3605204 0.1502285 -0.3552963 0.07828439 0.3617229 -0.003580411 -0.09595272 0.02194874 -0.323093 -0.1568928
0.1985948 -0.1626702 0.09052386 -0.2213025 0.1525887 0.01182651 0.1695177 0.1483736 -0.02922764 0.1218326 0.08188878 -0.3236454 -0.0259329 0.009250646 0.05018999 -0.3698367 -0.3308791 0.03093901 -0.06797775 -0.4133773 0.362192 -0.216298 0.167124 -0.2090713
0.3421328 0.1877673 -0.1468151 -0.5073251 0.04246699 0.05084165 0.01429895 0.09074859 0.04175603 -0.08546518 0.1259577 0.2775068 0.003509081 0.1061191 -0.0203072 0.1716939 0.004693626 0.4334731 0.2114578 -0.07535663 -0.003717436 -0.02960222 0.2163971 0.3561
-0.1784607 0.2522442 -0.1137142 -0.00142234 0.1279412 -0.1462625 0.3090005 0.2202318 -0.3517931 0.06395502 -0.2104353 -0.1033842 0.16302 -0.07752954 0.02183158 0.007218877 -0.207523 -0.2690988 0.1056403 -0.07286469 -0.4501271 -0.2049176 0.245957 0.2384578
0.02884147 -0.4433524 -0.2816566 -0.001123149 0.2781646 -0.1150689 0.2416758 0.1772861 -0.3030163 -0.00660192 0.09637059 0.350085 0.03616108 0.1206406 -0.1396127 0.1766105 0.04874653 -0.02524121 0.2266922 0.1280787 0.04698693 -0.01287952 -0.07795258 -0.4163053
-0.1289978 0.132848 0.008183694 -0.1562416 -0.2485808 0.04928417 -0.3326745 0.1770293 -0.2643093 0.06430529 0.3727926 0.2446924 -0.2116544 0.2089313 0.188397 -0.1046082 0.2505979 -0.293696 -0.1008629 -0.1749044 -0.05816015 -0.3546768 -0.02490706 -0.08746379
-0.2086471 -0.09416296 0.0828567 -0.3381823 0.03270608 0.1562769 -0.1709964 0.1720495 -0.001164052 0.1528512 0.4752534 -0.162503 0.1846583 -0.2413641 0.04076316 0.01659079 -0.263712 -0.01558929 0.03148373 0.1576279 -0.2779097 0.4315643 -0.03903785 -0.1071159
-0.2426858 0.0004406144 -0.295474 0.1190896 -0.1186465 -0.03903319 0.07544705 -0.1305397 0.2204079 -0.208726 0.0216476 0.2881029 0.3050299 0.3145075 0.4180017 -0.2858553 -0.2874248 0.1569876 -0.05237776 -0.178142 -0.1184471 0.1126653 -0.007705059 -0.09353672
-0.301077 0.2783019 0.3277418 0.2517331 0.1651254 0.2008658 0.2672229 -0.3022216 -0.1702159 0.0569637 0.3421781 0.08411203 0.03539804 0.003443067 -0.1496754 0.101124 0.09547857 0.2394014 0.227673 -0.3349437 0.06511999 0.0217054 0.02463968 -0.06865873
-0.04855254 0.1885826 0.3434385 -0.003524518 0.5068723 -0.1334376 -0.09101506 0.05913629 -0.1877849 -0.03233867 -0.006227455 0.1157574 -0.04827375 0.2739064 0.1259027 -0.1680675 -0.1104452 0.1951068 -0.3598801 0.4491211 0.05848501 -0.02334973 0.01134272 0.02876565
-0.248434 -0.2097025 0.1987242 -0.1198893 0.04761632 -0.1421215 -0.3586603 -0.1975907 0.152315 0.2229025 -0.1665425 0.09387825 0.2139585 0.0124768 0.01668706 0.4489473 -0.3135329 0.04748962 0.07147669 -0.06944454 0.04181403 -0.4229687 0.03500211 -0.02699803
